00000000000, 0000000000000000
10000000000, 1110000000000001
01000000000, 1001100000000001
11000000000, 0111100000000000
00100000000, 0101010000000001
10100000000, 1011010000000000
01100000000, 1100110000000000
11100000000, 0010110000000001
00010000000, 1101001000000000
10010000000, 0011001000000001
01010000000, 0100101000000001
11010000000, 1010101000000000
00110000000, 1000011000000001
10110000000, 0110011000000000
01110000000, 0001111000000000
11110000000, 1111111000000001
00001000000, 1000000110000001
10001000000, 0110000110000000
01001000000, 0001100110000000
11001000000, 1111100110000001
00101000000, 1101010110000000
10101000000, 0011010110000001
01101000000, 0100110110000001
11101000000, 1010110110000000
00011000000, 0101001110000001
10011000000, 1011001110000000
01011000000, 1100101110000000
11011000000, 0010101110000001
00111000000, 0000011110000000
10111000000, 1110011110000001
01111000000, 1001111110000001
11111000000, 0111111110000000
00000100000, 0100000101000001
10000100000, 1010000101000000
01000100000, 1101100101000000
11000100000, 0011100101000001
00100100000, 0001010101000000
10100100000, 1111010101000001
01100100000, 1000110101000001
11100100000, 0110110101000000
00010100000, 1001001101000001
10010100000, 0111001101000000
01010100000, 0000101101000000
11010100000, 1110101101000001
00110100000, 1100011101000000
10110100000, 0010011101000001
01110100000, 0101111101000001
11110100000, 1011111101000000
00001100000, 1100000011000000
10001100000, 0010000011000001
01001100000, 0101100011000001
11001100000, 1011100011000000
00101100000, 1001010011000001
10101100000, 0111010011000000
01101100000, 0000110011000000
11101100000, 1110110011000001
00011100000, 0001001011000000
10011100000, 1111001011000001
01011100000, 1000101011000001
11011100000, 0110101011000000
00111100000, 0100011011000001
10111100000, 1010011011000000
01111100000, 1101111011000000
11111100000, 0011111011000001
00000010000, 1100000100100000
10000010000, 0010000100100001
01000010000, 0101100100100001
11000010000, 1011100100100000
00100010000, 1001010100100001
10100010000, 0111010100100000
01100010000, 0000110100100000
11100010000, 1110110100100001
00010010000, 0001001100100000
10010010000, 1111001100100001
01010010000, 1000101100100001
11010010000, 0110101100100000
00110010000, 0100011100100001
10110010000, 1010011100100000
01110010000, 1101111100100000
11110010000, 0011111100100001
00001010000, 0100000010100001
10001010000, 1010000010100000
01001010000, 1101100010100000
11001010000, 0011100010100001
00101010000, 0001010010100000
10101010000, 1111010010100001
01101010000, 1000110010100001
11101010000, 0110110010100000
00011010000, 1001001010100001
10011010000, 0111001010100000
01011010000, 0000101010100000
11011010000, 1110101010100001
00111010000, 1100011010100000
10111010000, 0010011010100001
01111010000, 0101111010100001
11111010000, 1011111010100000
00000110000, 1000000001100001
10000110000, 0110000001100000
01000110000, 0001100001100000
11000110000, 1111100001100001
00100110000, 1101010001100000
10100110000, 0011010001100001
01100110000, 0100110001100001
11100110000, 1010110001100000
00010110000, 0101001001100001
10010110000, 1011001001100000
01010110000, 1100101001100000
11010110000, 0010101001100001
00110110000, 0000011001100000
10110110000, 1110011001100001
01110110000, 1001111001100001
11110110000, 0111111001100000
00001110000, 0000000111100000
10001110000, 1110000111100001
01001110000, 1001100111100001
11001110000, 0111100111100000
00101110000, 0101010111100001
10101110000, 1011010111100000
01101110000, 1100110111100000
11101110000, 0010110111100001
00011110000, 1101001111100000
10011110000, 0011001111100001
01011110000, 0100101111100001
11011110000, 1010101111100000
00111110000, 1000011111100001
10111110000, 0110011111100000
01111110000, 0001111111100000
11111110000, 1111111111100001
00000001000, 0001000100010001
10000001000, 1111000100010000
01000001000, 1000100100010000
11000001000, 0110100100010001
00100001000, 0100010100010000
10100001000, 1010010100010001
01100001000, 1101110100010001
11100001000, 0011110100010000
00010001000, 1100001100010001
10010001000, 0010001100010000
01010001000, 0101101100010000
11010001000, 1011101100010001
00110001000, 1001011100010000
10110001000, 0111011100010001
01110001000, 0000111100010001
11110001000, 1110111100010000
00001001000, 1001000010010000
10001001000, 0111000010010001
01001001000, 0000100010010001
11001001000, 1110100010010000
00101001000, 1100010010010001
10101001000, 0010010010010000
01101001000, 0101110010010000
11101001000, 1011110010010001
00011001000, 0100001010010000
10011001000, 1010001010010001
01011001000, 1101101010010001
11011001000, 0011101010010000
00111001000, 0001011010010001
10111001000, 1111011010010000
01111001000, 1000111010010000
11111001000, 0110111010010001
00000101000, 0101000001010000
10000101000, 1011000001010001
01000101000, 1100100001010001
11000101000, 0010100001010000
00100101000, 0000010001010001
10100101000, 1110010001010000
01100101000, 1001110001010000
11100101000, 0111110001010001
00010101000, 1000001001010000
10010101000, 0110001001010001
01010101000, 0001101001010001
11010101000, 1111101001010000
00110101000, 1101011001010001
10110101000, 0011011001010000
01110101000, 0100111001010000
11110101000, 1010111001010001
00001101000, 1101000111010001
10001101000, 0011000111010000
01001101000, 0100100111010000
11001101000, 1010100111010001
00101101000, 1000010111010000
10101101000, 0110010111010001
01101101000, 0001110111010001
11101101000, 1111110111010000
00011101000, 0000001111010001
10011101000, 1110001111010000
01011101000, 1001101111010000
11011101000, 0111101111010001
00111101000, 0101011111010000
10111101000, 1011011111010001
01111101000, 1100111111010001
11111101000, 0010111111010000
00000011000, 1101000000110001
10000011000, 0011000000110000
01000011000, 0100100000110000
11000011000, 1010100000110001
00100011000, 1000010000110000
10100011000, 0110010000110001
01100011000, 0001110000110001
11100011000, 1111110000110000
00010011000, 0000001000110001
10010011000, 1110001000110000
01010011000, 1001101000110000
11010011000, 0111101000110001
00110011000, 0101011000110000
10110011000, 1011011000110001
01110011000, 1100111000110001
11110011000, 0010111000110000
00001011000, 0101000110110000
10001011000, 1011000110110001
01001011000, 1100100110110001
11001011000, 0010100110110000
00101011000, 0000010110110001
10101011000, 1110010110110000
01101011000, 1001110110110000
11101011000, 0111110110110001
00011011000, 1000001110110000
10011011000, 0110001110110001
01011011000, 0001101110110001
11011011000, 1111101110110000
00111011000, 1101011110110001
10111011000, 0011011110110000
01111011000, 0100111110110000
11111011000, 1010111110110001
00000111000, 1001000101110000
10000111000, 0111000101110001
01000111000, 0000100101110001
11000111000, 1110100101110000
00100111000, 1100010101110001
10100111000, 0010010101110000
01100111000, 0101110101110000
11100111000, 1011110101110001
00010111000, 0100001101110000
10010111000, 1010001101110001
01010111000, 1101101101110001
11010111000, 0011101101110000
00110111000, 0001011101110001
10110111000, 1111011101110000
01110111000, 1000111101110000
11110111000, 0110111101110001
00001111000, 0001000011110001
10001111000, 1111000011110000
01001111000, 1000100011110000
11001111000, 0110100011110001
00101111000, 0100010011110000
10101111000, 1010010011110001
01101111000, 1101110011110001
11101111000, 0011110011110000
00011111000, 1100001011110001
10011111000, 0010001011110000
01011111000, 0101101011110000
11011111000, 1011101011110001
00111111000, 1001011011110000
10111111000, 0111011011110001
01111111000, 0000111011110001
11111111000, 1110111011110000
00000000100, 1001000100001000
10000000100, 0111000100001001
01000000100, 0000100100001001
11000000100, 1110100100001000
00100000100, 1100010100001001
10100000100, 0010010100001000
01100000100, 0101110100001000
11100000100, 1011110100001001
00010000100, 0100001100001000
10010000100, 1010001100001001
01010000100, 1101101100001001
11010000100, 0011101100001000
00110000100, 0001011100001001
10110000100, 1111011100001000
01110000100, 1000111100001000
11110000100, 0110111100001001
00001000100, 0001000010001001
10001000100, 1111000010001000
01001000100, 1000100010001000
11001000100, 0110100010001001
00101000100, 0100010010001000
10101000100, 1010010010001001
01101000100, 1101110010001001
11101000100, 0011110010001000
00011000100, 1100001010001001
10011000100, 0010001010001000
01011000100, 0101101010001000
11011000100, 1011101010001001
00111000100, 1001011010001000
10111000100, 0111011010001001
01111000100, 0000111010001001
11111000100, 1110111010001000
00000100100, 1101000001001001
10000100100, 0011000001001000
01000100100, 0100100001001000
11000100100, 1010100001001001
00100100100, 1000010001001000
10100100100, 0110010001001001
01100100100, 0001110001001001
11100100100, 1111110001001000
00010100100, 0000001001001001
10010100100, 1110001001001000
01010100100, 1001101001001000
11010100100, 0111101001001001
00110100100, 0101011001001000
10110100100, 1011011001001001
01110100100, 1100111001001001
11110100100, 0010111001001000
00001100100, 0101000111001000
10001100100, 1011000111001001
01001100100, 1100100111001001
11001100100, 0010100111001000
00101100100, 0000010111001001
10101100100, 1110010111001000
01101100100, 1001110111001000
11101100100, 0111110111001001
00011100100, 1000001111001000
10011100100, 0110001111001001
01011100100, 0001101111001001
11011100100, 1111101111001000
00111100100, 1101011111001001
10111100100, 0011011111001000
01111100100, 0100111111001000
11111100100, 1010111111001001
00000010100, 0101000000101000
10000010100, 1011000000101001
01000010100, 1100100000101001
11000010100, 0010100000101000
00100010100, 0000010000101001
10100010100, 1110010000101000
01100010100, 1001110000101000
11100010100, 0111110000101001
00010010100, 1000001000101000
10010010100, 0110001000101001
01010010100, 0001101000101001
11010010100, 1111101000101000
00110010100, 1101011000101001
10110010100, 0011011000101000
01110010100, 0100111000101000
11110010100, 1010111000101001
00001010100, 1101000110101001
10001010100, 0011000110101000
01001010100, 0100100110101000
11001010100, 1010100110101001
00101010100, 1000010110101000
10101010100, 0110010110101001
01101010100, 0001110110101001
11101010100, 1111110110101000
00011010100, 0000001110101001
10011010100, 1110001110101000
01011010100, 1001101110101000
11011010100, 0111101110101001
00111010100, 0101011110101000
10111010100, 1011011110101001
01111010100, 1100111110101001
11111010100, 0010111110101000
00000110100, 0001000101101001
10000110100, 1111000101101000
01000110100, 1000100101101000
11000110100, 0110100101101001
00100110100, 0100010101101000
10100110100, 1010010101101001
01100110100, 1101110101101001
11100110100, 0011110101101000
00010110100, 1100001101101001
10010110100, 0010001101101000
01010110100, 0101101101101000
11010110100, 1011101101101001
00110110100, 1001011101101000
10110110100, 0111011101101001
01110110100, 0000111101101001
11110110100, 1110111101101000
00001110100, 1001000011101000
10001110100, 0111000011101001
01001110100, 0000100011101001
11001110100, 1110100011101000
00101110100, 1100010011101001
10101110100, 0010010011101000
01101110100, 0101110011101000
11101110100, 1011110011101001
00011110100, 0100001011101000
10011110100, 1010001011101001
01011110100, 1101101011101001
11011110100, 0011101011101000
00111110100, 0001011011101001
10111110100, 1111011011101000
01111110100, 1000111011101000
11111110100, 0110111011101001
00000001100, 1000000000011001
10000001100, 0110000000011000
01000001100, 0001100000011000
11000001100, 1111100000011001
00100001100, 1101010000011000
10100001100, 0011010000011001
01100001100, 0100110000011001
11100001100, 1010110000011000
00010001100, 0101001000011001
10010001100, 1011001000011000
01010001100, 1100101000011000
11010001100, 0010101000011001
00110001100, 0000011000011000
10110001100, 1110011000011001
01110001100, 1001111000011001
11110001100, 0111111000011000
00001001100, 0000000110011000
10001001100, 1110000110011001
01001001100, 1001100110011001
11001001100, 0111100110011000
00101001100, 0101010110011001
10101001100, 1011010110011000
01101001100, 1100110110011000
11101001100, 0010110110011001
00011001100, 1101001110011000
10011001100, 0011001110011001
01011001100, 0100101110011001
11011001100, 1010101110011000
00111001100, 1000011110011001
10111001100, 0110011110011000
01111001100, 0001111110011000
11111001100, 1111111110011001
00000101100, 1100000101011000
10000101100, 0010000101011001
01000101100, 0101100101011001
11000101100, 1011100101011000
00100101100, 1001010101011001
10100101100, 0111010101011000
01100101100, 0000110101011000
11100101100, 1110110101011001
00010101100, 0001001101011000
10010101100, 1111001101011001
01010101100, 1000101101011001
11010101100, 0110101101011000
00110101100, 0100011101011001
10110101100, 1010011101011000
01110101100, 1101111101011000
11110101100, 0011111101011001
00001101100, 0100000011011001
10001101100, 1010000011011000
01001101100, 1101100011011000
11001101100, 0011100011011001
00101101100, 0001010011011000
10101101100, 1111010011011001
01101101100, 1000110011011001
11101101100, 0110110011011000
00011101100, 1001001011011001
10011101100, 0111001011011000
01011101100, 0000101011011000
11011101100, 1110101011011001
00111101100, 1100011011011000
10111101100, 0010011011011001
01111101100, 0101111011011001
11111101100, 1011111011011000
00000011100, 0100000100111001
10000011100, 1010000100111000
01000011100, 1101100100111000
11000011100, 0011100100111001
00100011100, 0001010100111000
10100011100, 1111010100111001
01100011100, 1000110100111001
11100011100, 0110110100111000
00010011100, 1001001100111001
10010011100, 0111001100111000
01010011100, 0000101100111000
11010011100, 1110101100111001
00110011100, 1100011100111000
10110011100, 0010011100111001
01110011100, 0101111100111001
11110011100, 1011111100111000
00001011100, 1100000010111000
10001011100, 0010000010111001
01001011100, 0101100010111001
11001011100, 1011100010111000
00101011100, 1001010010111001
10101011100, 0111010010111000
01101011100, 0000110010111000
11101011100, 1110110010111001
00011011100, 0001001010111000
10011011100, 1111001010111001
01011011100, 1000101010111001
11011011100, 0110101010111000
00111011100, 0100011010111001
10111011100, 1010011010111000
01111011100, 1101111010111000
11111011100, 0011111010111001
00000111100, 0000000001111000
10000111100, 1110000001111001
01000111100, 1001100001111001
11000111100, 0111100001111000
00100111100, 0101010001111001
10100111100, 1011010001111000
01100111100, 1100110001111000
11100111100, 0010110001111001
00010111100, 1101001001111000
10010111100, 0011001001111001
01010111100, 0100101001111001
11010111100, 1010101001111000
00110111100, 1000011001111001
10110111100, 0110011001111000
01110111100, 0001111001111000
11110111100, 1111111001111001
00001111100, 1000000111111001
10001111100, 0110000111111000
01001111100, 0001100111111000
11001111100, 1111100111111001
00101111100, 1101010111111000
10101111100, 0011010111111001
01101111100, 0100110111111001
11101111100, 1010110111111000
00011111100, 0101001111111001
10011111100, 1011001111111000
01011111100, 1100101111111000
11011111100, 0010101111111001
00111111100, 0000011111111000
10111111100, 1110011111111001
01111111100, 1001111111111001
11111111100, 0111111111111000
00000000010, 0101000100000100
10000000010, 1011000100000101
01000000010, 1100100100000101
11000000010, 0010100100000100
00100000010, 0000010100000101
10100000010, 1110010100000100
01100000010, 1001110100000100
11100000010, 0111110100000101
00010000010, 1000001100000100
10010000010, 0110001100000101
01010000010, 0001101100000101
11010000010, 1111101100000100
00110000010, 1101011100000101
10110000010, 0011011100000100
01110000010, 0100111100000100
11110000010, 1010111100000101
00001000010, 1101000010000101
10001000010, 0011000010000100
01001000010, 0100100010000100
11001000010, 1010100010000101
00101000010, 1000010010000100
10101000010, 0110010010000101
01101000010, 0001110010000101
11101000010, 1111110010000100
00011000010, 0000001010000101
10011000010, 1110001010000100
01011000010, 1001101010000100
11011000010, 0111101010000101
00111000010, 0101011010000100
10111000010, 1011011010000101
01111000010, 1100111010000101
11111000010, 0010111010000100
00000100010, 0001000001000101
10000100010, 1111000001000100
01000100010, 1000100001000100
11000100010, 0110100001000101
00100100010, 0100010001000100
10100100010, 1010010001000101
01100100010, 1101110001000101
11100100010, 0011110001000100
00010100010, 1100001001000101
10010100010, 0010001001000100
01010100010, 0101101001000100
11010100010, 1011101001000101
00110100010, 1001011001000100
10110100010, 0111011001000101
01110100010, 0000111001000101
11110100010, 1110111001000100
00001100010, 1001000111000100
10001100010, 0111000111000101
01001100010, 0000100111000101
11001100010, 1110100111000100
00101100010, 1100010111000101
10101100010, 0010010111000100
01101100010, 0101110111000100
11101100010, 1011110111000101
00011100010, 0100001111000100
10011100010, 1010001111000101
01011100010, 1101101111000101
11011100010, 0011101111000100
00111100010, 0001011111000101
10111100010, 1111011111000100
01111100010, 1000111111000100
11111100010, 0110111111000101
00000010010, 1001000000100100
10000010010, 0111000000100101
01000010010, 0000100000100101
11000010010, 1110100000100100
00100010010, 1100010000100101
10100010010, 0010010000100100
01100010010, 0101110000100100
11100010010, 1011110000100101
00010010010, 0100001000100100
10010010010, 1010001000100101
01010010010, 1101101000100101
11010010010, 0011101000100100
00110010010, 0001011000100101
10110010010, 1111011000100100
01110010010, 1000111000100100
11110010010, 0110111000100101
00001010010, 0001000110100101
10001010010, 1111000110100100
01001010010, 1000100110100100
11001010010, 0110100110100101
00101010010, 0100010110100100
10101010010, 1010010110100101
01101010010, 1101110110100101
11101010010, 0011110110100100
00011010010, 1100001110100101
10011010010, 0010001110100100
01011010010, 0101101110100100
11011010010, 1011101110100101
00111010010, 1001011110100100
10111010010, 0111011110100101
01111010010, 0000111110100101
11111010010, 1110111110100100
00000110010, 1101000101100101
10000110010, 0011000101100100
01000110010, 0100100101100100
11000110010, 1010100101100101
00100110010, 1000010101100100
10100110010, 0110010101100101
01100110010, 0001110101100101
11100110010, 1111110101100100
00010110010, 0000001101100101
10010110010, 1110001101100100
01010110010, 1001101101100100
11010110010, 0111101101100101
00110110010, 0101011101100100
10110110010, 1011011101100101
01110110010, 1100111101100101
11110110010, 0010111101100100
00001110010, 0101000011100100
10001110010, 1011000011100101
01001110010, 1100100011100101
11001110010, 0010100011100100
00101110010, 0000010011100101
10101110010, 1110010011100100
01101110010, 1001110011100100
11101110010, 0111110011100101
00011110010, 1000001011100100
10011110010, 0110001011100101
01011110010, 0001101011100101
11011110010, 1111101011100100
00111110010, 1101011011100101
10111110010, 0011011011100100
01111110010, 0100111011100100
11111110010, 1010111011100101
00000001010, 0100000000010101
10000001010, 1010000000010100
01000001010, 1101100000010100
11000001010, 0011100000010101
00100001010, 0001010000010100
10100001010, 1111010000010101
01100001010, 1000110000010101
11100001010, 0110110000010100
00010001010, 1001001000010101
10010001010, 0111001000010100
01010001010, 0000101000010100
11010001010, 1110101000010101
00110001010, 1100011000010100
10110001010, 0010011000010101
01110001010, 0101111000010101
11110001010, 1011111000010100
00001001010, 1100000110010100
10001001010, 0010000110010101
01001001010, 0101100110010101
11001001010, 1011100110010100
00101001010, 1001010110010101
10101001010, 0111010110010100
01101001010, 0000110110010100
11101001010, 1110110110010101
00011001010, 0001001110010100
10011001010, 1111001110010101
01011001010, 1000101110010101
11011001010, 0110101110010100
00111001010, 0100011110010101
10111001010, 1010011110010100
01111001010, 1101111110010100
11111001010, 0011111110010101
00000101010, 0000000101010100
10000101010, 1110000101010101
01000101010, 1001100101010101
11000101010, 0111100101010100
00100101010, 0101010101010101
10100101010, 1011010101010100
01100101010, 1100110101010100
11100101010, 0010110101010101
00010101010, 1101001101010100
10010101010, 0011001101010101
01010101010, 0100101101010101
11010101010, 1010101101010100
00110101010, 1000011101010101
10110101010, 0110011101010100
01110101010, 0001111101010100
11110101010, 1111111101010101
00001101010, 1000000011010101
10001101010, 0110000011010100
01001101010, 0001100011010100
11001101010, 1111100011010101
00101101010, 1101010011010100
10101101010, 0011010011010101
01101101010, 0100110011010101
11101101010, 1010110011010100
00011101010, 0101001011010101
10011101010, 1011001011010100
01011101010, 1100101011010100
11011101010, 0010101011010101
00111101010, 0000011011010100
10111101010, 1110011011010101
01111101010, 1001111011010101
11111101010, 0111111011010100
00000011010, 1000000100110101
10000011010, 0110000100110100
01000011010, 0001100100110100
11000011010, 1111100100110101
00100011010, 1101010100110100
10100011010, 0011010100110101
01100011010, 0100110100110101
11100011010, 1010110100110100
00010011010, 0101001100110101
10010011010, 1011001100110100
01010011010, 1100101100110100
11010011010, 0010101100110101
00110011010, 0000011100110100
10110011010, 1110011100110101
01110011010, 1001111100110101
11110011010, 0111111100110100
00001011010, 0000000010110100
10001011010, 1110000010110101
01001011010, 1001100010110101
11001011010, 0111100010110100
00101011010, 0101010010110101
10101011010, 1011010010110100
01101011010, 1100110010110100
11101011010, 0010110010110101
00011011010, 1101001010110100
10011011010, 0011001010110101
01011011010, 0100101010110101
11011011010, 1010101010110100
00111011010, 1000011010110101
10111011010, 0110011010110100
01111011010, 0001111010110100
11111011010, 1111111010110101
00000111010, 1100000001110100
10000111010, 0010000001110101
01000111010, 0101100001110101
11000111010, 1011100001110100
00100111010, 1001010001110101
10100111010, 0111010001110100
01100111010, 0000110001110100
11100111010, 1110110001110101
00010111010, 0001001001110100
10010111010, 1111001001110101
01010111010, 1000101001110101
11010111010, 0110101001110100
00110111010, 0100011001110101
10110111010, 1010011001110100
01110111010, 1101111001110100
11110111010, 0011111001110101
00001111010, 0100000111110101
10001111010, 1010000111110100
01001111010, 1101100111110100
11001111010, 0011100111110101
00101111010, 0001010111110100
10101111010, 1111010111110101
01101111010, 1000110111110101
11101111010, 0110110111110100
00011111010, 1001001111110101
10011111010, 0111001111110100
01011111010, 0000101111110100
11011111010, 1110101111110101
00111111010, 1100011111110100
10111111010, 0010011111110101
01111111010, 0101111111110101
11111111010, 1011111111110100
00000000110, 1100000000001100
10000000110, 0010000000001101
01000000110, 0101100000001101
11000000110, 1011100000001100
00100000110, 1001010000001101
10100000110, 0111010000001100
01100000110, 0000110000001100
11100000110, 1110110000001101
00010000110, 0001001000001100
10010000110, 1111001000001101
01010000110, 1000101000001101
11010000110, 0110101000001100
00110000110, 0100011000001101
10110000110, 1010011000001100
01110000110, 1101111000001100
11110000110, 0011111000001101
00001000110, 0100000110001101
10001000110, 1010000110001100
01001000110, 1101100110001100
11001000110, 0011100110001101
00101000110, 0001010110001100
10101000110, 1111010110001101
01101000110, 1000110110001101
11101000110, 0110110110001100
00011000110, 1001001110001101
10011000110, 0111001110001100
01011000110, 0000101110001100
11011000110, 1110101110001101
00111000110, 1100011110001100
10111000110, 0010011110001101
01111000110, 0101111110001101
11111000110, 1011111110001100
00000100110, 1000000101001101
10000100110, 0110000101001100
01000100110, 0001100101001100
11000100110, 1111100101001101
00100100110, 1101010101001100
10100100110, 0011010101001101
01100100110, 0100110101001101
11100100110, 1010110101001100
00010100110, 0101001101001101
10010100110, 1011001101001100
01010100110, 1100101101001100
11010100110, 0010101101001101
00110100110, 0000011101001100
10110100110, 1110011101001101
01110100110, 1001111101001101
11110100110, 0111111101001100
00001100110, 0000000011001100
10001100110, 1110000011001101
01001100110, 1001100011001101
11001100110, 0111100011001100
00101100110, 0101010011001101
10101100110, 1011010011001100
01101100110, 1100110011001100
11101100110, 0010110011001101
00011100110, 1101001011001100
10011100110, 0011001011001101
01011100110, 0100101011001101
11011100110, 1010101011001100
00111100110, 1000011011001101
10111100110, 0110011011001100
01111100110, 0001111011001100
11111100110, 1111111011001101
00000010110, 0000000100101100
10000010110, 1110000100101101
01000010110, 1001100100101101
11000010110, 0111100100101100
00100010110, 0101010100101101
10100010110, 1011010100101100
01100010110, 1100110100101100
11100010110, 0010110100101101
00010010110, 1101001100101100
10010010110, 0011001100101101
01010010110, 0100101100101101
11010010110, 1010101100101100
00110010110, 1000011100101101
10110010110, 0110011100101100
01110010110, 0001111100101100
11110010110, 1111111100101101
00001010110, 1000000010101101
10001010110, 0110000010101100
01001010110, 0001100010101100
11001010110, 1111100010101101
00101010110, 1101010010101100
10101010110, 0011010010101101
01101010110, 0100110010101101
11101010110, 1010110010101100
00011010110, 0101001010101101
10011010110, 1011001010101100
01011010110, 1100101010101100
11011010110, 0010101010101101
00111010110, 0000011010101100
10111010110, 1110011010101101
01111010110, 1001111010101101
11111010110, 0111111010101100
00000110110, 0100000001101101
10000110110, 1010000001101100
01000110110, 1101100001101100
11000110110, 0011100001101101
00100110110, 0001010001101100
10100110110, 1111010001101101
01100110110, 1000110001101101
11100110110, 0110110001101100
00010110110, 1001001001101101
10010110110, 0111001001101100
01010110110, 0000101001101100
11010110110, 1110101001101101
00110110110, 1100011001101100
10110110110, 0010011001101101
01110110110, 0101111001101101
11110110110, 1011111001101100
00001110110, 1100000111101100
10001110110, 0010000111101101
01001110110, 0101100111101101
11001110110, 1011100111101100
00101110110, 1001010111101101
10101110110, 0111010111101100
01101110110, 0000110111101100
11101110110, 1110110111101101
00011110110, 0001001111101100
10011110110, 1111001111101101
01011110110, 1000101111101101
11011110110, 0110101111101100
00111110110, 0100011111101101
10111110110, 1010011111101100
01111110110, 1101111111101100
11111110110, 0011111111101101
00000001110, 1101000100011101
10000001110, 0011000100011100
01000001110, 0100100100011100
11000001110, 1010100100011101
00100001110, 1000010100011100
10100001110, 0110010100011101
01100001110, 0001110100011101
11100001110, 1111110100011100
00010001110, 0000001100011101
10010001110, 1110001100011100
01010001110, 1001101100011100
11010001110, 0111101100011101
00110001110, 0101011100011100
10110001110, 1011011100011101
01110001110, 1100111100011101
11110001110, 0010111100011100
00001001110, 0101000010011100
10001001110, 1011000010011101
01001001110, 1100100010011101
11001001110, 0010100010011100
00101001110, 0000010010011101
10101001110, 1110010010011100
01101001110, 1001110010011100
11101001110, 0111110010011101
00011001110, 1000001010011100
10011001110, 0110001010011101
01011001110, 0001101010011101
11011001110, 1111101010011100
00111001110, 1101011010011101
10111001110, 0011011010011100
01111001110, 0100111010011100
11111001110, 1010111010011101
00000101110, 1001000001011100
10000101110, 0111000001011101
01000101110, 0000100001011101
11000101110, 1110100001011100
00100101110, 1100010001011101
10100101110, 0010010001011100
01100101110, 0101110001011100
11100101110, 1011110001011101
00010101110, 0100001001011100
10010101110, 1010001001011101
01010101110, 1101101001011101
11010101110, 0011101001011100
00110101110, 0001011001011101
10110101110, 1111011001011100
01110101110, 1000111001011100
11110101110, 0110111001011101
00001101110, 0001000111011101
10001101110, 1111000111011100
01001101110, 1000100111011100
11001101110, 0110100111011101
00101101110, 0100010111011100
10101101110, 1010010111011101
01101101110, 1101110111011101
11101101110, 0011110111011100
00011101110, 1100001111011101
10011101110, 0010001111011100
01011101110, 0101101111011100
11011101110, 1011101111011101
00111101110, 1001011111011100
10111101110, 0111011111011101
01111101110, 0000111111011101
11111101110, 1110111111011100
00000011110, 0001000000111101
10000011110, 1111000000111100
01000011110, 1000100000111100
11000011110, 0110100000111101
00100011110, 0100010000111100
10100011110, 1010010000111101
01100011110, 1101110000111101
11100011110, 0011110000111100
00010011110, 1100001000111101
10010011110, 0010001000111100
01010011110, 0101101000111100
11010011110, 1011101000111101
00110011110, 1001011000111100
10110011110, 0111011000111101
01110011110, 0000111000111101
11110011110, 1110111000111100
00001011110, 1001000110111100
10001011110, 0111000110111101
01001011110, 0000100110111101
11001011110, 1110100110111100
00101011110, 1100010110111101
10101011110, 0010010110111100
01101011110, 0101110110111100
11101011110, 1011110110111101
00011011110, 0100001110111100
10011011110, 1010001110111101
01011011110, 1101101110111101
11011011110, 0011101110111100
00111011110, 0001011110111101
10111011110, 1111011110111100
01111011110, 1000111110111100
11111011110, 0110111110111101
00000111110, 0101000101111100
10000111110, 1011000101111101
01000111110, 1100100101111101
11000111110, 0010100101111100
00100111110, 0000010101111101
10100111110, 1110010101111100
01100111110, 1001110101111100
11100111110, 0111110101111101
00010111110, 1000001101111100
10010111110, 0110001101111101
01010111110, 0001101101111101
11010111110, 1111101101111100
00110111110, 1101011101111101
10110111110, 0011011101111100
01110111110, 0100111101111100
11110111110, 1010111101111101
00001111110, 1101000011111101
10001111110, 0011000011111100
01001111110, 0100100011111100
11001111110, 1010100011111101
00101111110, 1000010011111100
10101111110, 0110010011111101
01101111110, 0001110011111101
11101111110, 1111110011111100
00011111110, 0000001011111101
10011111110, 1110001011111100
01011111110, 1001101011111100
11011111110, 0111101011111101
00111111110, 0101011011111100
10111111110, 1011011011111101
01111111110, 1100111011111101
11111111110, 0010111011111100
00000000001, 1101000100000011
10000000001, 0011000100000010
01000000001, 0100100100000010
11000000001, 1010100100000011
00100000001, 1000010100000010
10100000001, 0110010100000011
01100000001, 0001110100000011
11100000001, 1111110100000010
00010000001, 0000001100000011
10010000001, 1110001100000010
01010000001, 1001101100000010
11010000001, 0111101100000011
00110000001, 0101011100000010
10110000001, 1011011100000011
01110000001, 1100111100000011
11110000001, 0010111100000010
00001000001, 0101000010000010
10001000001, 1011000010000011
01001000001, 1100100010000011
11001000001, 0010100010000010
00101000001, 0000010010000011
10101000001, 1110010010000010
01101000001, 1001110010000010
11101000001, 0111110010000011
00011000001, 1000001010000010
10011000001, 0110001010000011
01011000001, 0001101010000011
11011000001, 1111101010000010
00111000001, 1101011010000011
10111000001, 0011011010000010
01111000001, 0100111010000010
11111000001, 1010111010000011
00000100001, 1001000001000010
10000100001, 0111000001000011
01000100001, 0000100001000011
11000100001, 1110100001000010
00100100001, 1100010001000011
10100100001, 0010010001000010
01100100001, 0101110001000010
11100100001, 1011110001000011
00010100001, 0100001001000010
10010100001, 1010001001000011
01010100001, 1101101001000011
11010100001, 0011101001000010
00110100001, 0001011001000011
10110100001, 1111011001000010
01110100001, 1000111001000010
11110100001, 0110111001000011
00001100001, 0001000111000011
10001100001, 1111000111000010
01001100001, 1000100111000010
11001100001, 0110100111000011
00101100001, 0100010111000010
10101100001, 1010010111000011
01101100001, 1101110111000011
11101100001, 0011110111000010
00011100001, 1100001111000011
10011100001, 0010001111000010
01011100001, 0101101111000010
11011100001, 1011101111000011
00111100001, 1001011111000010
10111100001, 0111011111000011
01111100001, 0000111111000011
11111100001, 1110111111000010
00000010001, 0001000000100011
10000010001, 1111000000100010
01000010001, 1000100000100010
11000010001, 0110100000100011
00100010001, 0100010000100010
10100010001, 1010010000100011
01100010001, 1101110000100011
11100010001, 0011110000100010
00010010001, 1100001000100011
10010010001, 0010001000100010
01010010001, 0101101000100010
11010010001, 1011101000100011
00110010001, 1001011000100010
10110010001, 0111011000100011
01110010001, 0000111000100011
11110010001, 1110111000100010
00001010001, 1001000110100010
10001010001, 0111000110100011
01001010001, 0000100110100011
11001010001, 1110100110100010
00101010001, 1100010110100011
10101010001, 0010010110100010
01101010001, 0101110110100010
11101010001, 1011110110100011
00011010001, 0100001110100010
10011010001, 1010001110100011
01011010001, 1101101110100011
11011010001, 0011101110100010
00111010001, 0001011110100011
10111010001, 1111011110100010
01111010001, 1000111110100010
11111010001, 0110111110100011
00000110001, 0101000101100010
10000110001, 1011000101100011
01000110001, 1100100101100011
11000110001, 0010100101100010
00100110001, 0000010101100011
10100110001, 1110010101100010
01100110001, 1001110101100010
11100110001, 0111110101100011
00010110001, 1000001101100010
10010110001, 0110001101100011
01010110001, 0001101101100011
11010110001, 1111101101100010
00110110001, 1101011101100011
10110110001, 0011011101100010
01110110001, 0100111101100010
11110110001, 1010111101100011
00001110001, 1101000011100011
10001110001, 0011000011100010
01001110001, 0100100011100010
11001110001, 1010100011100011
00101110001, 1000010011100010
10101110001, 0110010011100011
01101110001, 0001110011100011
11101110001, 1111110011100010
00011110001, 0000001011100011
10011110001, 1110001011100010
01011110001, 1001101011100010
11011110001, 0111101011100011
00111110001, 0101011011100010
10111110001, 1011011011100011
01111110001, 1100111011100011
11111110001, 0010111011100010
00000001001, 1100000000010010
10000001001, 0010000000010011
01000001001, 0101100000010011
11000001001, 1011100000010010
00100001001, 1001010000010011
10100001001, 0111010000010010
01100001001, 0000110000010010
11100001001, 1110110000010011
00010001001, 0001001000010010
10010001001, 1111001000010011
01010001001, 1000101000010011
11010001001, 0110101000010010
00110001001, 0100011000010011
10110001001, 1010011000010010
01110001001, 1101111000010010
11110001001, 0011111000010011
00001001001, 0100000110010011
10001001001, 1010000110010010
01001001001, 1101100110010010
11001001001, 0011100110010011
00101001001, 0001010110010010
10101001001, 1111010110010011
01101001001, 1000110110010011
11101001001, 0110110110010010
00011001001, 1001001110010011
10011001001, 0111001110010010
01011001001, 0000101110010010
11011001001, 1110101110010011
00111001001, 1100011110010010
10111001001, 0010011110010011
01111001001, 0101111110010011
11111001001, 1011111110010010
00000101001, 1000000101010011
10000101001, 0110000101010010
01000101001, 0001100101010010
11000101001, 1111100101010011
00100101001, 1101010101010010
10100101001, 0011010101010011
01100101001, 0100110101010011
11100101001, 1010110101010010
00010101001, 0101001101010011
10010101001, 1011001101010010
01010101001, 1100101101010010
11010101001, 0010101101010011
00110101001, 0000011101010010
10110101001, 1110011101010011
01110101001, 1001111101010011
11110101001, 0111111101010010
00001101001, 0000000011010010
10001101001, 1110000011010011
01001101001, 1001100011010011
11001101001, 0111100011010010
00101101001, 0101010011010011
10101101001, 1011010011010010
01101101001, 1100110011010010
11101101001, 0010110011010011
00011101001, 1101001011010010
10011101001, 0011001011010011
01011101001, 0100101011010011
11011101001, 1010101011010010
00111101001, 1000011011010011
10111101001, 0110011011010010
01111101001, 0001111011010010
11111101001, 1111111011010011
00000011001, 0000000100110010
10000011001, 1110000100110011
01000011001, 1001100100110011
11000011001, 0111100100110010
00100011001, 0101010100110011
10100011001, 1011010100110010
01100011001, 1100110100110010
11100011001, 0010110100110011
00010011001, 1101001100110010
10010011001, 0011001100110011
01010011001, 0100101100110011
11010011001, 1010101100110010
00110011001, 1000011100110011
10110011001, 0110011100110010
01110011001, 0001111100110010
11110011001, 1111111100110011
00001011001, 1000000010110011
10001011001, 0110000010110010
01001011001, 0001100010110010
11001011001, 1111100010110011
00101011001, 1101010010110010
10101011001, 0011010010110011
01101011001, 0100110010110011
11101011001, 1010110010110010
00011011001, 0101001010110011
10011011001, 1011001010110010
01011011001, 1100101010110010
11011011001, 0010101010110011
00111011001, 0000011010110010
10111011001, 1110011010110011
01111011001, 1001111010110011
11111011001, 0111111010110010
00000111001, 0100000001110011
10000111001, 1010000001110010
01000111001, 1101100001110010
11000111001, 0011100001110011
00100111001, 0001010001110010
10100111001, 1111010001110011
01100111001, 1000110001110011
11100111001, 0110110001110010
00010111001, 1001001001110011
10010111001, 0111001001110010
01010111001, 0000101001110010
11010111001, 1110101001110011
00110111001, 1100011001110010
10110111001, 0010011001110011
01110111001, 0101111001110011
11110111001, 1011111001110010
00001111001, 1100000111110010
10001111001, 0010000111110011
01001111001, 0101100111110011
11001111001, 1011100111110010
00101111001, 1001010111110011
10101111001, 0111010111110010
01101111001, 0000110111110010
11101111001, 1110110111110011
00011111001, 0001001111110010
10011111001, 1111001111110011
01011111001, 1000101111110011
11011111001, 0110101111110010
00111111001, 0100011111110011
10111111001, 1010011111110010
01111111001, 1101111111110010
11111111001, 0011111111110011
00000000101, 0100000000001011
10000000101, 1010000000001010
01000000101, 1101100000001010
11000000101, 0011100000001011
00100000101, 0001010000001010
10100000101, 1111010000001011
01100000101, 1000110000001011
11100000101, 0110110000001010
00010000101, 1001001000001011
10010000101, 0111001000001010
01010000101, 0000101000001010
11010000101, 1110101000001011
00110000101, 1100011000001010
10110000101, 0010011000001011
01110000101, 0101111000001011
11110000101, 1011111000001010
00001000101, 1100000110001010
10001000101, 0010000110001011
01001000101, 0101100110001011
11001000101, 1011100110001010
00101000101, 1001010110001011
10101000101, 0111010110001010
01101000101, 0000110110001010
11101000101, 1110110110001011
00011000101, 0001001110001010
10011000101, 1111001110001011
01011000101, 1000101110001011
11011000101, 0110101110001010
00111000101, 0100011110001011
10111000101, 1010011110001010
01111000101, 1101111110001010
11111000101, 0011111110001011
00000100101, 0000000101001010
10000100101, 1110000101001011
01000100101, 1001100101001011
11000100101, 0111100101001010
00100100101, 0101010101001011
10100100101, 1011010101001010
01100100101, 1100110101001010
11100100101, 0010110101001011
00010100101, 1101001101001010
10010100101, 0011001101001011
01010100101, 0100101101001011
11010100101, 1010101101001010
00110100101, 1000011101001011
10110100101, 0110011101001010
01110100101, 0001111101001010
11110100101, 1111111101001011
00001100101, 1000000011001011
10001100101, 0110000011001010
01001100101, 0001100011001010
11001100101, 1111100011001011
00101100101, 1101010011001010
10101100101, 0011010011001011
01101100101, 0100110011001011
11101100101, 1010110011001010
00011100101, 0101001011001011
10011100101, 1011001011001010
01011100101, 1100101011001010
11011100101, 0010101011001011
00111100101, 0000011011001010
10111100101, 1110011011001011
01111100101, 1001111011001011
11111100101, 0111111011001010
00000010101, 1000000100101011
10000010101, 0110000100101010
01000010101, 0001100100101010
11000010101, 1111100100101011
00100010101, 1101010100101010
10100010101, 0011010100101011
01100010101, 0100110100101011
11100010101, 1010110100101010
00010010101, 0101001100101011
10010010101, 1011001100101010
01010010101, 1100101100101010
11010010101, 0010101100101011
00110010101, 0000011100101010
10110010101, 1110011100101011
01110010101, 1001111100101011
11110010101, 0111111100101010
00001010101, 0000000010101010
10001010101, 1110000010101011
01001010101, 1001100010101011
11001010101, 0111100010101010
00101010101, 0101010010101011
10101010101, 1011010010101010
01101010101, 1100110010101010
11101010101, 0010110010101011
00011010101, 1101001010101010
10011010101, 0011001010101011
01011010101, 0100101010101011
11011010101, 1010101010101010
00111010101, 1000011010101011
10111010101, 0110011010101010
01111010101, 0001111010101010
11111010101, 1111111010101011
00000110101, 1100000001101010
10000110101, 0010000001101011
01000110101, 0101100001101011
11000110101, 1011100001101010
00100110101, 1001010001101011
10100110101, 0111010001101010
01100110101, 0000110001101010
11100110101, 1110110001101011
00010110101, 0001001001101010
10010110101, 1111001001101011
01010110101, 1000101001101011
11010110101, 0110101001101010
00110110101, 0100011001101011
10110110101, 1010011001101010
01110110101, 1101111001101010
11110110101, 0011111001101011
00001110101, 0100000111101011
10001110101, 1010000111101010
01001110101, 1101100111101010
11001110101, 0011100111101011
00101110101, 0001010111101010
10101110101, 1111010111101011
01101110101, 1000110111101011
11101110101, 0110110111101010
00011110101, 1001001111101011
10011110101, 0111001111101010
01011110101, 0000101111101010
11011110101, 1110101111101011
00111110101, 1100011111101010
10111110101, 0010011111101011
01111110101, 0101111111101011
11111110101, 1011111111101010
00000001101, 0101000100011010
10000001101, 1011000100011011
01000001101, 1100100100011011
11000001101, 0010100100011010
00100001101, 0000010100011011
10100001101, 1110010100011010
01100001101, 1001110100011010
11100001101, 0111110100011011
00010001101, 1000001100011010
10010001101, 0110001100011011
01010001101, 0001101100011011
11010001101, 1111101100011010
00110001101, 1101011100011011
10110001101, 0011011100011010
01110001101, 0100111100011010
11110001101, 1010111100011011
00001001101, 1101000010011011
10001001101, 0011000010011010
01001001101, 0100100010011010
11001001101, 1010100010011011
00101001101, 1000010010011010
10101001101, 0110010010011011
01101001101, 0001110010011011
11101001101, 1111110010011010
00011001101, 0000001010011011
10011001101, 1110001010011010
01011001101, 1001101010011010
11011001101, 0111101010011011
00111001101, 0101011010011010
10111001101, 1011011010011011
01111001101, 1100111010011011
11111001101, 0010111010011010
00000101101, 0001000001011011
10000101101, 1111000001011010
01000101101, 1000100001011010
11000101101, 0110100001011011
00100101101, 0100010001011010
10100101101, 1010010001011011
01100101101, 1101110001011011
11100101101, 0011110001011010
00010101101, 1100001001011011
10010101101, 0010001001011010
01010101101, 0101101001011010
11010101101, 1011101001011011
00110101101, 1001011001011010
10110101101, 0111011001011011
01110101101, 0000111001011011
11110101101, 1110111001011010
00001101101, 1001000111011010
10001101101, 0111000111011011
01001101101, 0000100111011011
11001101101, 1110100111011010
00101101101, 1100010111011011
10101101101, 0010010111011010
01101101101, 0101110111011010
11101101101, 1011110111011011
00011101101, 0100001111011010
10011101101, 1010001111011011
01011101101, 1101101111011011
11011101101, 0011101111011010
00111101101, 0001011111011011
10111101101, 1111011111011010
01111101101, 1000111111011010
11111101101, 0110111111011011
00000011101, 1001000000111010
10000011101, 0111000000111011
01000011101, 0000100000111011
11000011101, 1110100000111010
00100011101, 1100010000111011
10100011101, 0010010000111010
01100011101, 0101110000111010
11100011101, 1011110000111011
00010011101, 0100001000111010
10010011101, 1010001000111011
01010011101, 1101101000111011
11010011101, 0011101000111010
00110011101, 0001011000111011
10110011101, 1111011000111010
01110011101, 1000111000111010
11110011101, 0110111000111011
00001011101, 0001000110111011
10001011101, 1111000110111010
01001011101, 1000100110111010
11001011101, 0110100110111011
00101011101, 0100010110111010
10101011101, 1010010110111011
01101011101, 1101110110111011
11101011101, 0011110110111010
00011011101, 1100001110111011
10011011101, 0010001110111010
01011011101, 0101101110111010
11011011101, 1011101110111011
00111011101, 1001011110111010
10111011101, 0111011110111011
01111011101, 0000111110111011
11111011101, 1110111110111010
00000111101, 1101000101111011
10000111101, 0011000101111010
01000111101, 0100100101111010
11000111101, 1010100101111011
00100111101, 1000010101111010
10100111101, 0110010101111011
01100111101, 0001110101111011
11100111101, 1111110101111010
00010111101, 0000001101111011
10010111101, 1110001101111010
01010111101, 1001101101111010
11010111101, 0111101101111011
00110111101, 0101011101111010
10110111101, 1011011101111011
01110111101, 1100111101111011
11110111101, 0010111101111010
00001111101, 0101000011111010
10001111101, 1011000011111011
01001111101, 1100100011111011
11001111101, 0010100011111010
00101111101, 0000010011111011
10101111101, 1110010011111010
01101111101, 1001110011111010
11101111101, 0111110011111011
00011111101, 1000001011111010
10011111101, 0110001011111011
01011111101, 0001101011111011
11011111101, 1111101011111010
00111111101, 1101011011111011
10111111101, 0011011011111010
01111111101, 0100111011111010
11111111101, 1010111011111011
00000000011, 1000000000000111
10000000011, 0110000000000110
01000000011, 0001100000000110
11000000011, 1111100000000111
00100000011, 1101010000000110
10100000011, 0011010000000111
01100000011, 0100110000000111
11100000011, 1010110000000110
00010000011, 0101001000000111
10010000011, 1011001000000110
01010000011, 1100101000000110
11010000011, 0010101000000111
00110000011, 0000011000000110
10110000011, 1110011000000111
01110000011, 1001111000000111
11110000011, 0111111000000110
00001000011, 0000000110000110
10001000011, 1110000110000111
01001000011, 1001100110000111
11001000011, 0111100110000110
00101000011, 0101010110000111
10101000011, 1011010110000110
01101000011, 1100110110000110
11101000011, 0010110110000111
00011000011, 1101001110000110
10011000011, 0011001110000111
01011000011, 0100101110000111
11011000011, 1010101110000110
00111000011, 1000011110000111
10111000011, 0110011110000110
01111000011, 0001111110000110
11111000011, 1111111110000111
00000100011, 1100000101000110
10000100011, 0010000101000111
01000100011, 0101100101000111
11000100011, 1011100101000110
00100100011, 1001010101000111
10100100011, 0111010101000110
01100100011, 0000110101000110
11100100011, 1110110101000111
00010100011, 0001001101000110
10010100011, 1111001101000111
01010100011, 1000101101000111
11010100011, 0110101101000110
00110100011, 0100011101000111
10110100011, 1010011101000110
01110100011, 1101111101000110
11110100011, 0011111101000111
00001100011, 0100000011000111
10001100011, 1010000011000110
01001100011, 1101100011000110
11001100011, 0011100011000111
00101100011, 0001010011000110
10101100011, 1111010011000111
01101100011, 1000110011000111
11101100011, 0110110011000110
00011100011, 1001001011000111
10011100011, 0111001011000110
01011100011, 0000101011000110
11011100011, 1110101011000111
00111100011, 1100011011000110
10111100011, 0010011011000111
01111100011, 0101111011000111
11111100011, 1011111011000110
00000010011, 0100000100100111
10000010011, 1010000100100110
01000010011, 1101100100100110
11000010011, 0011100100100111
00100010011, 0001010100100110
10100010011, 1111010100100111
01100010011, 1000110100100111
11100010011, 0110110100100110
00010010011, 1001001100100111
10010010011, 0111001100100110
01010010011, 0000101100100110
11010010011, 1110101100100111
00110010011, 1100011100100110
10110010011, 0010011100100111
01110010011, 0101111100100111
11110010011, 1011111100100110
00001010011, 1100000010100110
10001010011, 0010000010100111
01001010011, 0101100010100111
11001010011, 1011100010100110
00101010011, 1001010010100111
10101010011, 0111010010100110
01101010011, 0000110010100110
11101010011, 1110110010100111
00011010011, 0001001010100110
10011010011, 1111001010100111
01011010011, 1000101010100111
11011010011, 0110101010100110
00111010011, 0100011010100111
10111010011, 1010011010100110
01111010011, 1101111010100110
11111010011, 0011111010100111
00000110011, 0000000001100110
10000110011, 1110000001100111
01000110011, 1001100001100111
11000110011, 0111100001100110
00100110011, 0101010001100111
10100110011, 1011010001100110
01100110011, 1100110001100110
11100110011, 0010110001100111
00010110011, 1101001001100110
10010110011, 0011001001100111
01010110011, 0100101001100111
11010110011, 1010101001100110
00110110011, 1000011001100111
10110110011, 0110011001100110
01110110011, 0001111001100110
11110110011, 1111111001100111
00001110011, 1000000111100111
10001110011, 0110000111100110
01001110011, 0001100111100110
11001110011, 1111100111100111
00101110011, 1101010111100110
10101110011, 0011010111100111
01101110011, 0100110111100111
11101110011, 1010110111100110
00011110011, 0101001111100111
10011110011, 1011001111100110
01011110011, 1100101111100110
11011110011, 0010101111100111
00111110011, 0000011111100110
10111110011, 1110011111100111
01111110011, 1001111111100111
11111110011, 0111111111100110
00000001011, 1001000100010110
10000001011, 0111000100010111
01000001011, 0000100100010111
11000001011, 1110100100010110
00100001011, 1100010100010111
10100001011, 0010010100010110
01100001011, 0101110100010110
11100001011, 1011110100010111
00010001011, 0100001100010110
10010001011, 1010001100010111
01010001011, 1101101100010111
11010001011, 0011101100010110
00110001011, 0001011100010111
10110001011, 1111011100010110
01110001011, 1000111100010110
11110001011, 0110111100010111
00001001011, 0001000010010111
10001001011, 1111000010010110
01001001011, 1000100010010110
11001001011, 0110100010010111
00101001011, 0100010010010110
10101001011, 1010010010010111
01101001011, 1101110010010111
11101001011, 0011110010010110
00011001011, 1100001010010111
10011001011, 0010001010010110
01011001011, 0101101010010110
11011001011, 1011101010010111
00111001011, 1001011010010110
10111001011, 0111011010010111
01111001011, 0000111010010111
11111001011, 1110111010010110
00000101011, 1101000001010111
10000101011, 0011000001010110
01000101011, 0100100001010110
11000101011, 1010100001010111
00100101011, 1000010001010110
10100101011, 0110010001010111
01100101011, 0001110001010111
11100101011, 1111110001010110
00010101011, 0000001001010111
10010101011, 1110001001010110
01010101011, 1001101001010110
11010101011, 0111101001010111
00110101011, 0101011001010110
10110101011, 1011011001010111
01110101011, 1100111001010111
11110101011, 0010111001010110
00001101011, 0101000111010110
10001101011, 1011000111010111
01001101011, 1100100111010111
11001101011, 0010100111010110
00101101011, 0000010111010111
10101101011, 1110010111010110
01101101011, 1001110111010110
11101101011, 0111110111010111
00011101011, 1000001111010110
10011101011, 0110001111010111
01011101011, 0001101111010111
11011101011, 1111101111010110
00111101011, 1101011111010111
10111101011, 0011011111010110
01111101011, 0100111111010110
11111101011, 1010111111010111
00000011011, 0101000000110110
10000011011, 1011000000110111
01000011011, 1100100000110111
11000011011, 0010100000110110
00100011011, 0000010000110111
10100011011, 1110010000110110
01100011011, 1001110000110110
11100011011, 0111110000110111
00010011011, 1000001000110110
10010011011, 0110001000110111
01010011011, 0001101000110111
11010011011, 1111101000110110
00110011011, 1101011000110111
10110011011, 0011011000110110
01110011011, 0100111000110110
11110011011, 1010111000110111
00001011011, 1101000110110111
10001011011, 0011000110110110
01001011011, 0100100110110110
11001011011, 1010100110110111
00101011011, 1000010110110110
10101011011, 0110010110110111
01101011011, 0001110110110111
11101011011, 1111110110110110
00011011011, 0000001110110111
10011011011, 1110001110110110
01011011011, 1001101110110110
11011011011, 0111101110110111
00111011011, 0101011110110110
10111011011, 1011011110110111
01111011011, 1100111110110111
11111011011, 0010111110110110
00000111011, 0001000101110111
10000111011, 1111000101110110
01000111011, 1000100101110110
11000111011, 0110100101110111
00100111011, 0100010101110110
10100111011, 1010010101110111
01100111011, 1101110101110111
11100111011, 0011110101110110
00010111011, 1100001101110111
10010111011, 0010001101110110
01010111011, 0101101101110110
11010111011, 1011101101110111
00110111011, 1001011101110110
10110111011, 0111011101110111
01110111011, 0000111101110111
11110111011, 1110111101110110
00001111011, 1001000011110110
10001111011, 0111000011110111
01001111011, 0000100011110111
11001111011, 1110100011110110
00101111011, 1100010011110111
10101111011, 0010010011110110
01101111011, 0101110011110110
11101111011, 1011110011110111
00011111011, 0100001011110110
10011111011, 1010001011110111
01011111011, 1101101011110111
11011111011, 0011101011110110
00111111011, 0001011011110111
10111111011, 1111011011110110
01111111011, 1000111011110110
11111111011, 0110111011110111
00000000111, 0001000100001111
10000000111, 1111000100001110
01000000111, 1000100100001110
11000000111, 0110100100001111
00100000111, 0100010100001110
10100000111, 1010010100001111
01100000111, 1101110100001111
11100000111, 0011110100001110
00010000111, 1100001100001111
10010000111, 0010001100001110
01010000111, 0101101100001110
11010000111, 1011101100001111
00110000111, 1001011100001110
10110000111, 0111011100001111
01110000111, 0000111100001111
11110000111, 1110111100001110
00001000111, 1001000010001110
10001000111, 0111000010001111
01001000111, 0000100010001111
11001000111, 1110100010001110
00101000111, 1100010010001111
10101000111, 0010010010001110
01101000111, 0101110010001110
11101000111, 1011110010001111
00011000111, 0100001010001110
10011000111, 1010001010001111
01011000111, 1101101010001111
11011000111, 0011101010001110
00111000111, 0001011010001111
10111000111, 1111011010001110
01111000111, 1000111010001110
11111000111, 0110111010001111
00000100111, 0101000001001110
10000100111, 1011000001001111
01000100111, 1100100001001111
11000100111, 0010100001001110
00100100111, 0000010001001111
10100100111, 1110010001001110
01100100111, 1001110001001110
11100100111, 0111110001001111
00010100111, 1000001001001110
10010100111, 0110001001001111
01010100111, 0001101001001111
11010100111, 1111101001001110
00110100111, 1101011001001111
10110100111, 0011011001001110
01110100111, 0100111001001110
11110100111, 1010111001001111
00001100111, 1101000111001111
10001100111, 0011000111001110
01001100111, 0100100111001110
11001100111, 1010100111001111
00101100111, 1000010111001110
10101100111, 0110010111001111
01101100111, 0001110111001111
11101100111, 1111110111001110
00011100111, 0000001111001111
10011100111, 1110001111001110
01011100111, 1001101111001110
11011100111, 0111101111001111
00111100111, 0101011111001110
10111100111, 1011011111001111
01111100111, 1100111111001111
11111100111, 0010111111001110
00000010111, 1101000000101111
10000010111, 0011000000101110
01000010111, 0100100000101110
11000010111, 1010100000101111
00100010111, 1000010000101110
10100010111, 0110010000101111
01100010111, 0001110000101111
11100010111, 1111110000101110
00010010111, 0000001000101111
10010010111, 1110001000101110
01010010111, 1001101000101110
11010010111, 0111101000101111
00110010111, 0101011000101110
10110010111, 1011011000101111
01110010111, 1100111000101111
11110010111, 0010111000101110
00001010111, 0101000110101110
10001010111, 1011000110101111
01001010111, 1100100110101111
11001010111, 0010100110101110
00101010111, 0000010110101111
10101010111, 1110010110101110
01101010111, 1001110110101110
11101010111, 0111110110101111
00011010111, 1000001110101110
10011010111, 0110001110101111
01011010111, 0001101110101111
11011010111, 1111101110101110
00111010111, 1101011110101111
10111010111, 0011011110101110
01111010111, 0100111110101110
11111010111, 1010111110101111
00000110111, 1001000101101110
10000110111, 0111000101101111
01000110111, 0000100101101111
11000110111, 1110100101101110
00100110111, 1100010101101111
10100110111, 0010010101101110
01100110111, 0101110101101110
11100110111, 1011110101101111
00010110111, 0100001101101110
10010110111, 1010001101101111
01010110111, 1101101101101111
11010110111, 0011101101101110
00110110111, 0001011101101111
10110110111, 1111011101101110
01110110111, 1000111101101110
11110110111, 0110111101101111
00001110111, 0001000011101111
10001110111, 1111000011101110
01001110111, 1000100011101110
11001110111, 0110100011101111
00101110111, 0100010011101110
10101110111, 1010010011101111
01101110111, 1101110011101111
11101110111, 0011110011101110
00011110111, 1100001011101111
10011110111, 0010001011101110
01011110111, 0101101011101110
11011110111, 1011101011101111
00111110111, 1001011011101110
10111110111, 0111011011101111
01111110111, 0000111011101111
11111110111, 1110111011101110
00000001111, 0000000000011110
10000001111, 1110000000011111
01000001111, 1001100000011111
11000001111, 0111100000011110
00100001111, 0101010000011111
10100001111, 1011010000011110
01100001111, 1100110000011110
11100001111, 0010110000011111
00010001111, 1101001000011110
10010001111, 0011001000011111
01010001111, 0100101000011111
11010001111, 1010101000011110
00110001111, 1000011000011111
10110001111, 0110011000011110
01110001111, 0001111000011110
11110001111, 1111111000011111
00001001111, 1000000110011111
10001001111, 0110000110011110
01001001111, 0001100110011110
11001001111, 1111100110011111
00101001111, 1101010110011110
10101001111, 0011010110011111
01101001111, 0100110110011111
11101001111, 1010110110011110
00011001111, 0101001110011111
10011001111, 1011001110011110
01011001111, 1100101110011110
11011001111, 0010101110011111
00111001111, 0000011110011110
10111001111, 1110011110011111
01111001111, 1001111110011111
11111001111, 0111111110011110
00000101111, 0100000101011111
10000101111, 1010000101011110
01000101111, 1101100101011110
11000101111, 0011100101011111
00100101111, 0001010101011110
10100101111, 1111010101011111
01100101111, 1000110101011111
11100101111, 0110110101011110
00010101111, 1001001101011111
10010101111, 0111001101011110
01010101111, 0000101101011110
11010101111, 1110101101011111
00110101111, 1100011101011110
10110101111, 0010011101011111
01110101111, 0101111101011111
11110101111, 1011111101011110
00001101111, 1100000011011110
10001101111, 0010000011011111
01001101111, 0101100011011111
11001101111, 1011100011011110
00101101111, 1001010011011111
10101101111, 0111010011011110
01101101111, 0000110011011110
11101101111, 1110110011011111
00011101111, 0001001011011110
10011101111, 1111001011011111
01011101111, 1000101011011111
11011101111, 0110101011011110
00111101111, 0100011011011111
10111101111, 1010011011011110
01111101111, 1101111011011110
11111101111, 0011111011011111
00000011111, 1100000100111110
10000011111, 0010000100111111
01000011111, 0101100100111111
11000011111, 1011100100111110
00100011111, 1001010100111111
10100011111, 0111010100111110
01100011111, 0000110100111110
11100011111, 1110110100111111
00010011111, 0001001100111110
10010011111, 1111001100111111
01010011111, 1000101100111111
11010011111, 0110101100111110
00110011111, 0100011100111111
10110011111, 1010011100111110
01110011111, 1101111100111110
11110011111, 0011111100111111
00001011111, 0100000010111111
10001011111, 1010000010111110
01001011111, 1101100010111110
11001011111, 0011100010111111
00101011111, 0001010010111110
10101011111, 1111010010111111
01101011111, 1000110010111111
11101011111, 0110110010111110
00011011111, 1001001010111111
10011011111, 0111001010111110
01011011111, 0000101010111110
11011011111, 1110101010111111
00111011111, 1100011010111110
10111011111, 0010011010111111
01111011111, 0101111010111111
11111011111, 1011111010111110
00000111111, 1000000001111111
10000111111, 0110000001111110
01000111111, 0001100001111110
11000111111, 1111100001111111
00100111111, 1101010001111110
10100111111, 0011010001111111
01100111111, 0100110001111111
11100111111, 1010110001111110
00010111111, 0101001001111111
10010111111, 1011001001111110
01010111111, 1100101001111110
11010111111, 0010101001111111
00110111111, 0000011001111110
10110111111, 1110011001111111
01110111111, 1001111001111111
11110111111, 0111111001111110
00001111111, 0000000111111110
10001111111, 1110000111111111
01001111111, 1001100111111111
11001111111, 0111100111111110
00101111111, 0101010111111111
10101111111, 1011010111111110
01101111111, 1100110111111110
11101111111, 0010110111111111
00011111111, 1101001111111110
10011111111, 0011001111111111
01011111111, 0100101111111111
11011111111, 1010101111111110
00111111111, 1000011111111111
10111111111, 0110011111111110
01111111111, 0001111111111110
11111111111, 1111111111111111